00132470,
00324545,
00073245,
00093245,
80324542,
00000244,
00000002,
00000066,
00000236,
00000327,
00000236,
00021544

----------------------
00132470,	-- 1
00324545,
00073245,
00093245,
00000244,
00000002,
00000066,
00000236,
00000327,
00000236,
00021544

80324542 -- 1

total = 2
----------------------
132470,
324545,
073245,
093245,
000244,
000002,
000066,
000236,
000327,
000236,
021544

80324542

total = 0
----------------------
073245,	-- 1
093245,
000244,
000002,
000066,
000236,
000327,
000236,
021544

132470,	-- 1

324545, -- 1

80324542

total = 3
----------------------
73245,
93245,
00244,
00002,
00066,
00236,
00327,
00236,
21544

132470

324545

80324542

total = 0
----------------------
00244,	-- 1
00002,
00066,
00236,
00327,
00236,

21544	-- 1

73245	-- 1

93245	-- 1

132470

324545

80324542

total = 4
----------------------
244,
002,
066,
236,
327,
236,

21544

73245

93245

132470

324545

80324542

total = 0
----------------------
002,	-- 1
066,

244,	-- 1
236,
236,

327,	-- 1

21544

73245

93245

132470

324545

80324542

total = 3
----------------------
02	-- 1

66	-- 1

236,	-- 1
236,

244		-- 1

327

21544

73245

93245

132470

324545

80324542

total = 4
----------------------
Total	= 2 + 3 + 4 + 3 + 4
		= 5 + 8 + 3
		= 8*2 = 16

Real 	= 27
